1 0 3757
2 3757 1652
3 5409 2702
4 8111 2683
5 10794 515
6 11309 4151
7 15460 6073
8 21533 1739
9 23272 3594
10 26866 2457
11 29323 6025
12 35348 5782
13 41130 7768
14 48898 4941
15 53839 909
16 54748 1275
17 56023 2035
18 58058 4067
19 62125 3496
20 65621 608
21 66229 4061
22 70290 2912
23 73202 2855
24 76057 3507
25 79564 5614
26 85178 4649
27 89827 5096
28 94923 2709
29 97632 9170
30 106802 9408
31 116210 5550
32 121760 2025
34 123785 1996
35 125781 3490
36 129271 3736
37 133007 2610
38 135617 8368
39 143985 1310
40 145295 1886
41 147181 3090
42 150271 4562
43 154833 2027
44 156860 1203
45 158063 1223
46 159286 5291
47 164577 2785
48 167362 4018
49 171380 1140
50 172520 2026
51 174546 2148
52 176694 1341
53 178035 2896
55 180931 7323
56 188254 5300
57 193554 741
58 194295 536
59 194831 865
60 195696 676
61 196372 537
62 196909 575
63 197484 1345
64 198829 3528
65 202357 3743
66 206100 516
67 206616 2089
68 208705 1342
69 210047 3400
70 213447 6254
71 219701 3272
72 222973 5328
73 228301 3014
74 231315 3815
75 235130 3294
76 238424 3043
77 241467 2105
78 243572 1939
79 245511 3202
80 248713 3781
81 252494 215
82 252709 1946
83 254655 2176
85 256831 3804
86 260635 3626
87 264261 11156
88 275417 10079
89 285496 2055
90 287551 3828
91 291379 3452
92 294831 4222
93 299053 1521
94 300574 1462
95 302036 2357
96 304393 1954
97 306347 3106
98 309453 2765
99 312218 1923
100 314141 2393
101 316534 6363
102 322897 3591
103 326488 6868
104 333356 10190
105 343546 2186
106 345732 3683
107 349415 2344
108 351759 3716
109 355475 2955
110 358430 3782
111 362212 1630
112 363842 10147
113 373989 2152
114 376141 4995
115 381136 2428
116 383564 1522
117 385086 7966
118 393052 6803
119 399855 4461
120 404316 9626
121 413942 6421
122 420363 5746
123 426109 2886
124 428995 5691
125 434686 10459
126 445145 4324
127 449469 6174
128 455643 4648
129 460291 2285
130 462576 3440
131 466016 8915
132 474931 1816
133 476747 5751
134 482498 4058
135 486556 4063
136 490619 2621
137 493240 377
138 493617 1866
139 495483 7413
140 502896 4459
141 507355 2439
142 509794 1753
143 511547 3097
144 514644 3536
145 518180 2802
146 520982 5249
147 526231 1186
148 527417 1172
149 528589 3124
150 531713 7631
151 539344 7664
152 547008 1199
153 548207 6046
154 554253 1702
155 555955 2339
156 558294 4848
157 563142 1733
158 564875 3367
159 568242 1937
160 570179 1181
161 571360 2651
162 574011 680
163 574691 2810
165 577501 196
166 577697 1666
167 579363 2844
168 582207 4172
169 586379 1261
170 587640 1121
171 588761 1628
172 590389 1192
173 591581 1672
174 593253 834
175 594087 875
176 594962 3837
177 598799 840
178 599639 3124
179 602763 7855
180 610618 2557
181 613175 1516
182 614691 3171
183 617862 1168
184 619030 2709
185 621739 2361
186 624100 1356
187 625456 1039
188 626495 3682
189 630177 3082
190 633259 1474
191 634733 8363
192 643096 1473
193 644569 2066
194 646635 966
195 647601 1676
196 649277 1635
197 650912 924
198 651836 2437
199 654273 9656
200 663929 3969
201 667898 1597
202 669495 3085
203 672580 1186
204 673766 591
205 674357 1577
206 675934 1648
207 677582 1574
208 679156 8828
209 687984 7791
210 695775 4443
211 700218 2934
212 703152 617
213 703769 7699
214 711468 4057
215 715525 12564
216 728089 4938
217 733027 2537
218 735564 3913
219 739477 16217
220 755694 6323
221 762017 2634
222 764651 313
223 764964 2363
224 767327 3870
225 771197 2832
226 774029 13575
227 787604 7946
228 795550 1923
229 797473 2794
230 800267 1945
231 802212 1863
232 804075 3485
233 807560 2230
234 809790 3072
235 812862 2005
236 814867 1843
237 816710 2205
238 818915 2951
239 821866 2871
244 824737 2004
245 826741 2618
246 829359 3335
247 832694 2182
248 834876 1925
249 836801 1788
250 838589 2100
251 840689 4516
252 845205 3912
253 849117 3814
254 852931 3021
255 855952 2466
256 858418 2581
257 860999 2346
259 863345 4516
260 867861 328
263 868189 3814
264 872003 9968
265 881971 2822
266 884793 974
267 885767 4438
268 890205 7186
269 897391 313
270 897704 3213
271 900917 2686
272 903603 2393
273 905996 2612
274 908608 3583
275 912191 4368
276 916559 2625
277 919184 5006
278 924190 2764
279 926954 8242
280 935196 2767
281 937963 6302
282 944265 2461
283 946726 1234
284 947960 17855
285 965815 9888
286 975703 2975
287 978678 3258
288 981936 5902
289 987838 3497
290 991335 1956
291 993291 3094
292 996385 4509
293 1000894 4390
294 1005284 3734
295 1009018 3006
296 1012024 24590
297 1036614 11347
298 1047961 16339
299 1064300 30742
300 1095042 3800
301 1098842 2003
302 1100845 3123
303 1103968 6326
304 1110294 990
305 1111284 6647
306 1117931 944
307 1118875 1154
308 1120029 795
309 1120824 6319
310 1127143 2851
311 1129994 5085
312 1135079 9076
313 1144155 7361
314 1151516 1838
315 1153354 5497
316 1158851 3607
317 1162458 1516
318 1163974 648
319 1164622 3291
320 1167913 9177
321 1177090 2886
322 1179976 2224
323 1182200 5721
324 1187921 1307
325 1189228 4419
326 1193647 699
327 1194346 2560
328 1196906 1545
329 1198451 1142
330 1199593 2524
331 1202117 4368
332 1206485 2933
333 1209418 5438
334 1214856 5872
335 1220728 4471
336 1225199 2768
337 1227967 2074
338 1230041 1076
339 1231117 814
340 1231931 2645
341 1234576 5789
342 1240365 954
343 1241319 1814
344 1243133 1741
345 1244874 7479
346 1252353 1213
347 1253566 2233
348 1255799 2438
349 1258237 1400
350 1259637 589
351 1260226 5010
352 1265236 6128
353 1271364 11630
354 1282994 1224
355 1284218 2349
356 1286567 1036
357 1287603 1271
358 1288874 2189
359 1291063 2827
360 1293890 5193
361 1299083 2447
362 1301530 3029
363 1304559 20086
364 1324645 2855
365 1327500 1619
366 1329119 2253
367 1331372 1770
368 1333142 1467
369 1334609 7357
370 1341966 4609
371 1346575 12597
372 1359172 2419
373 1361591 1829
374 1363420 1452
375 1364872 3115
376 1367987 1385
377 1369372 3887
378 1373259 1110
379 1374369 1137
380 1375506 1343
381 1376849 2392
382 1379241 1966
383 1381207 2367
385 1383574 206
386 1383780 977
387 1384757 7326
388 1392083 5216
389 1397299 6576
390 1403875 4440
391 1408315 3705
392 1412020 2756
393 1414776 30929
394 1445705 3968
395 1449673 5293
396 1454966 2851
397 1457817 1971
398 1459788 4749
399 1464537 1232
400 1465769 2568
401 1468337 6716
402 1475053 8222
403 1483275 3718
404 1486993 5023
405 1492016 3503
406 1495519 1891
407 1497410 994
408 1498404 1413
409 1499817 1172
410 1500989 2101
411 1503090 1301
412 1504391 1740
413 1506131 1810
414 1507941 2184
415 1510125 1806
416 1511931 7669
417 1519600 18357
418 1537957 3881
419 1541838 4413
420 1546251 3348
421 1549599 3551
422 1553150 10515
423 1563665 4067
424 1567732 1221
425 1568953 896
426 1569849 1508
427 1571357 969
428 1572326 1977
429 1574303 4466
430 1578769 1634
431 1580403 6246
432 1586649 7702
433 1594351 1997
434 1596348 4007
435 1600355 2677
436 1603032 4775
437 1607807 8852
438 1616659 4981
439 1621640 7979
440 1629619 4789
441 1634408 10043
442 1644451 2216
443 1646667 1621
444 1648288 2105
445 1650393 1880
446 1652273 2441
447 1654714 2899
448 1657613 2587
449 1660200 13306
450 1673506 2494
451 1676000 2265
452 1678265 2519
454 1680784 1592
455 1682376 10165
456 1692541 9657
457 1702198 4725
458 1706923 7005
459 1713928 3665
460 1717593 3432
461 1721025 2852
462 1723877 5883
463 1729760 3089
464 1732849 5864
465 1738713 4778
466 1743491 13740
467 1757231 3836
468 1761067 2975
469 1764042 1629
470 1765671 8114
471 1773785 5697
472 1779482 12508
473 1791990 3821
474 1795811 2210
475 1798021 5473
476 1803494 5855
477 1809349 7933
478 1817282 10148
479 1827430 3608
480 1831038 3394
482 1834432 390
483 1834822 3789
484 1838611 2036
485 1840647 1489
486 1842136 7384
487 1849520 1026
488 1850546 950
489 1851496 1683
490 1853179 3284
491 1856463 1831
492 1858294 4067
493 1862361 2176
494 1864537 4033
495 1868570 1403
496 1869973 4926
497 1874899 2608
498 1877507 1759
499 1879266 1982
500 1881248 1491
501 1882739 3236
502 1885975 3739
503 1889714 4252
504 1893966 3609
505 1897575 14609
506 1912184 3056
507 1915240 4824
508 1920064 4107
509 1924171 2625
510 1926796 2728
511 1929524 3574
512 1933098 3472
513 1936570 19799
514 1956369 4002
515 1960371 1256
516 1961627 4176
517 1965803 3678
518 1969481 5351
519 1974832 4323
520 1979155 3797
521 1982952 4375
522 1987327 3072
523 1990399 1692
524 1992091 4307
526 1996398 3181
527 1999579 4000
528 2003579 4162
529 2007741 3546
530 2011287 3646
531 2014933 3808
532 2018741 4007
533 2022748 3474
534 2026222 4313
535 2030535 10514
536 2041049 3766
537 2044815 4722
538 2049537 3506
539 2053043 4024
540 2057067 4779
541 2061846 4188
542 2066034 3954
543 2069988 3481
544 2073469 2848
545 2076317 3093
546 2079410 3135
547 2082545 4064
548 2086609 3270
549 2089879 19359
550 2109238 4357
551 2113595 3410
552 2117005 1556
553 2118561 3456
554 2122017 3518
555 2125535 19544
556 2145079 4676
557 2149755 1513
558 2151268 3416
559 2154684 4851
560 2159535 4149
561 2163684 3345
562 2167029 1229
563 2168258 3456
564 2171714 5448
565 2177162 3778
566 2180940 5068
567 2186008 3174
568 2189182 3292
569 2192474 3641
570 2196115 3733
571 2199848 3483
572 2203331 2739
573 2206070 3241
574 2209311 3649
575 2212960 3198
576 2216158 3553
577 2219711 18942
578 2238653 4519
579 2243172 3784
580 2246956 3624
581 2250580 1597
582 2252177 4332
583 2256509 1241
584 2257750 935
585 2258685 2963
586 2261648 4074
587 2265722 3552
588 2269274 2851
589 2272125 3531
590 2275656 2615
591 2278271 1112
592 2279383 4225
593 2283608 19817
594 2303425 3830
595 2307255 4825
596 2312080 3332
597 2315412 4818
598 2320230 3318
599 2323548 3278
600 2326826 3650
601 2330476 5672
602 2336148 2556
603 2338704 8586
604 2347290 7409
605 2354699 2423
606 2357122 1467
607 2358589 1647
608 2360236 2680
609 2362916 2588
610 2365504 2259
611 2367763 3070
612 2370833 2076
613 2372909 2994
614 2375903 6962
615 2382865 6368
616 2389233 6900
617 2396133 6779
618 2402912 3951
619 2406863 8132
620 2414995 7793
621 2422788 3123
622 2425911 1806
623 2427717 2990
624 2430707 1622
625 2432329 3032
626 2435361 3443
627 2438804 1867
628 2440671 1534
629 2442205 4778
630 2446983 1751
631 2448734 1525
632 2450259 2471
633 2452730 3622
634 2456352 2070
635 2458422 1465
636 2459887 2818
637 2462705 7824
638 2470529 3339
639 2473868 3632
640 2477500 8881
641 2486381 3740
642 2490121 2831
643 2492952 2208
644 2495160 3574
645 2498734 3501
646 2502235 2077
647 2504312 1606
648 2505918 1800
649 2507718 6366
650 2514084 3205
651 2517289 2241
652 2519530 1866
653 2521396 3428
654 2524824 5510
655 2530334 2011
656 2532345 4156
657 2536501 2720
658 2539221 3763
659 2542984 1752
660 2544736 1543
661 2546279 1552
662 2547831 1624
663 2549455 3654
664 2553109 2739
665 2555848 3966
666 2559814 2385
667 2562199 2399
668 2564598 2593
669 2567191 2376
670 2569567 2538
671 2572105 23257
672 2595362 3218
673 2598580 3620
674 2602200 6322
675 2608522 3091
676 2611613 3299
677 2614912 3412
678 2618324 5239
679 2623563 1614
680 2625177 2591
681 2627768 3421
682 2631189 2452
683 2633641 1080
684 2634721 2363
685 2637084 5083
686 2642167 4227
687 2646394 3018
688 2649412 3777
689 2653189 2639
690 2655828 5420
691 2661248 2527
692 2663775 3789
693 2667564 1099
694 2668663 5314
695 2673977 1442
696 2675419 1214
697 2676633 2044
698 2678677 7443
699 2686120 3329
700 2689449 2537
701 2691986 5136
702 2697122 7829
703 2704951 5323
704 2710274 11012
705 2721286 1837
706 2723123 7272
707 2730395 3693
708 2734088 7931
709 2742019 483
710 2742502 5218
711 2747720 2499
712 2750219 3086
713 2753305 3884
714 2757189 754
715 2757943 876
716 2758819 5677
717 2764496 1489
718 2765985 2143
719 2768128 2623
720 2770751 3671
721 2774422 3275
722 2777697 2091
723 2779788 4831
724 2784619 10147
725 2794766 592
726 2795358 3169
727 2798527 3458
728 2801985 5319
730 2807304 6253
732 2813557 2080
733 2815637 1636
734 2817273 3128
735 2820401 5585
736 2825986 3673
737 2829659 1987
738 2831646 4399
739 2836045 1369
740 2837414 9458
741 2846872 4581
742 2851453 2586
743 2854039 3580
744 2857619 1808
745 2859427 1488
746 2860915 1510
747 2862425 4721
748 2867146 2896
749 2870042 8564
750 2878606 7780
751 2886386 5311
752 2891697 3046
753 2894743 7129
754 2901872 1199
755 2903071 2806
756 2905877 2593
757 2908470 1953
758 2910423 2322
759 2912745 529
760 2913274 5886
761 2919160 522
762 2919682 2078
763 2921760 6630
764 2928390 5885
765 2934275 2523
766 2936798 3077
767 2939875 8944
768 2948819 3619
769 2952438 3896
770 2956334 3043
771 2959377 8959
772 2968336 4043
773 2972379 3396
774 2975775 3641
775 2979416 1470
776 2980886 4485
777 2985371 1025
778 2986396 1779
779 2988175 5599
780 2993774 2098
781 2995872 1799
782 2997671 15857
783 3013528 5936
784 3019464 2257
785 3021721 2621
786 3024342 5406
787 3029748 3925
788 3033673 13774
789 3047447 3829
790 3051276 1852
791 3053128 3642
792 3056770 6597
793 3063367 2964
794 3066331 568
795 3066899 4693
796 3071592 4559
797 3076151 2713
798 3078864 4746
799 3083610 2161
800 3085771 743
801 3086514 668
802 3087182 659
803 3087841 682
804 3088523 663
805 3089186 702
806 3089888 680
807 3090568 691
808 3091259 637
809 3091896 632
810 3092528 655
811 3093183 640
812 3093823 718
813 3094541 686
814 3095227 664
815 3095891 632
816 3096523 675
817 3097198 628
818 3097826 660
819 3098486 645
820 3099131 633
821 3099764 653
822 3100417 646
823 3101063 656
824 3101719 650
825 3102369 668
826 3103037 702
827 3103739 652
828 3104391 685
829 3105076 665
830 3105741 661
831 3106402 680
832 3107082 662
833 3107744 668
834 3108412 700
835 3109112 655
836 3109767 688
837 3110455 697
838 3111152 674
839 3111826 698
840 3112524 659
841 3113183 675
842 3113858 707
843 3114565 687
844 3115252 663
845 3115915 638
846 3116553 671
847 3117224 651
848 3117875 661
849 3118536 638
850 3119174 665
851 3119839 653
852 3120492 651
853 3121143 653
854 3121796 647
855 3122443 659
856 3123102 701
857 3123803 657
858 3124460 687
859 3125147 667
860 3125814 632
861 3126446 670
862 3127116 663
863 3127779 683
864 3128462 665
865 3129127 702
866 3129829 637
867 3130466 656
868 3131122 688
869 3131810 663
870 3132473 670
871 3133143 662
872 3133805 665
873 3134470 683
874 3135153 702
875 3135855 656
876 3136511 686
877 3137197 651
878 3137848 714
879 3138562 668
880 3139230 643
881 3139873 672
882 3140545 655
883 3141200 666
884 3141866 654
885 3142520 641
886 3143161 654
887 3143815 649
888 3144464 666
889 3145130 650
890 3145780 704
891 3146484 677
892 3147161 658
893 3147819 687
894 3148506 655
895 3149161 658
896 3149819 663
897 3150482 663
898 3151145 661
899 3151806 683
900 3152489 664
901 3153153 701
902 3153854 657
903 3154511 688
904 3155199 696
905 3155895 663
906 3156558 639
907 3157197 665
908 3157862 663
909 3158525 682
910 3159207 670
911 3159877 702
912 3160579 657
913 3161236 661
914 3161897 655
916 3162552 687
917 3163239 654
918 3163893 666
919 3164559 666
920 3165225 641
921 3165866 658
922 3166524 653
923 3167177 657
924 3167834 645
925 3168479 660
926 3169139 654
927 3169793 658
928 3170451 656
929 3171107 673
930 3171780 702
931 3172482 627
932 3173109 685
933 3173794 657
934 3174451 687
935 3175138 663
936 3175801 698
937 3176499 684
938 3177183 667
939 3177850 662
941 3178512 657
942 3179169 713
943 3179882 637
944 3180519 646
945 3181165 685
946 3181850 666
947 3182516 665
948 3183181 673
949 3183854 702
950 3184556 664
951 3185220 682
952 3185902 694
953 3186596 661
955 3187257 658
956 3187915 709
957 3188624 713
958 3189337 661
959 3189998 687
960 3190685 658
961 3191343 647
962 3191990 651
963 3192641 655
964 3193296 652
965 3193948 684
966 3194632 664
967 3195296 641
968 3195937 643
969 3196580 643
970 3197223 655
971 3197878 654
972 3198532 683
973 3199215 673
974 3199888 694
975 3200582 656
977 3201238 686
978 3201924 660
979 3202584 685
980 3203269 677
981 3203946 689
982 3204635 673
983 3205308 672
984 3205980 697
987 3206677 182
988 3206859 686
989 3207545 669
990 3208214 697
991 3208911 705
992 3209616 658
993 3210274 663
994 3210937 686
995 3211623 650
996 3212273 656
997 3212929 651
998 3213580 650
999 3214230 692
1000 3214922 650
1001 3215572 664
1002 3216236 650
1003 3216886 633
1004 3217519 652
1005 3218171 656
1006 3218827 641
1007 3219468 654
1008 3220122 651
1009 3220773 669
1010 3221442 649
1011 3222091 658
1012 3222749 694
1013 3223443 699
1014 3224142 714
1015 3224856 688
1016 3225544 654
1017 3226198 664
1018 3226862 685
1019 3227547 648
1020 3228195 687
1021 3228882 644
1022 3229526 660
1023 3230186 672
1024 3230858 657
1025 3231515 670
1026 3232185 694
1027 3232879 654
1028 3233533 647
1029 3234180 687
1030 3234867 657
1031 3235524 672
1032 3236196 649
1033 3236845 694
1034 3237539 658
1035 3238197 675
1036 3238872 660
1037 3239532 670
1038 3240202 708
1039 3240910 703
1040 3241613 714
1041 3242327 656
1042 3242983 728
1043 3243711 685
1044 3244396 654
1045 3245050 659
1046 3245709 648
1047 3246357 679
1048 3247036 638
1049 3247674 644
1050 3248318 667
1051 3248985 647
1052 3249632 665
1053 3250297 652
1054 3250949 679
1055 3251628 643
1056 3252271 693
1057 3252964 677
1058 3253641 656
1059 3254297 686
1060 3254983 652
1061 3255635 658
1062 3256293 693
1063 3256986 680
1064 3257666 658
1065 3258324 659
1066 3258983 671
1067 3259654 655
1068 3260309 686
1069 3260995 690
1070 3261685 652
1071 3262337 644
1072 3262981 696
1073 3263677 663
1074 3264340 656
1075 3264996 681
1076 3265677 671
1077 3266348 649
1078 3266997 687
1079 3267684 726
1080 3268410 686
1081 3269096 658
1082 3269754 705
1083 3270459 704
1084 3271163 697
1085 3271860 713
1086 3272573 716
1087 3273289 690
1088 3273979 685
1089 3274664 686
1090 3275350 703
1091 3276053 688
1092 3276741 673
1093 3277414 696
1094 3278110 638
1096 3278748 686
1097 3279434 659
1098 3280093 696
1099 3280789 659
1100 3281448 681
1101 3282129 660
1102 3282789 668
1103 3283457 647
1104 3284104 688
1105 3284792 673
1106 3285465 633
1107 3286098 697
1108 3286795 663
1109 3287458 662
1110 3288120 686
1111 3288806 668
1112 3289474 699
1113 3290173 650
1114 3290823 735
1115 3291558 734
1117 3292292 686
1118 3292978 670
1119 3293648 637
1120 3294285 646
1121 3294931 650
1122 3295581 657
1123 3296238 631
1124 3296869 677
1125 3297546 625
1126 3298171 635
1127 3298806 659
1128 3299465 638
1129 3300103 674
1130 3300777 698
1131 3301475 649
1133 3302124 210
1134 3302334 672
1135 3303006 690
1136 3303696 696
1137 3304392 679
1138 3305071 662
1139 3305733 686
1140 3306419 663
1141 3307082 673
1142 3307755 649
1143 3308404 677
1144 3309081 688
1145 3309769 697
1146 3310466 649
1147 3311115 684
1148 3311799 686
1149 3312485 651
1150 3313136 716
1151 3313852 682
1152 3314534 638
1153 3315172 663
1154 3315835 652
1155 3316487 650
1156 3317137 647
1157 3317784 625
1158 3318409 648
1159 3319057 642
1160 3319699 648
1161 3320347 651
1162 3320998 646
1163 3321644 657
1164 3322301 695
1165 3322996 659
1166 3323655 684
1167 3324339 639
1168 3324978 667
1169 3325645 653
1170 3326298 717
1171 3327015 695
1172 3327710 688
1173 3328398 694
1174 3329092 659
1175 3329751 661
1176 3330412 653
1177 3331065 676
1178 3331741 647
1179 3332388 661
1180 3333049 659
1181 3333708 687
1182 3334395 656
1183 3335051 679
1184 3335730 697
1185 3336427 694
1186 3337121 672
1187 3337793 664
1188 3338457 674
1189 3339131 659
1190 3339790 687
1191 3340477 661
1192 3341138 669
1193 3341807 654
1194 3342461 646
1195 3343107 641
1196 3343748 650
1197 3344398 634
1198 3345032 650
1199 3345682 667
1200 3346349 650
1201 3346999 646
1202 3347645 695
1203 3348340 678
1204 3349018 658
1205 3349676 694
1206 3350370 686
1207 3351056 660
1208 3351716 696
1209 3352412 663
1210 3353075 664
1211 3353739 691
1212 3354430 677
1214 3355107 686
1215 3355793 683
1216 3356476 659
1217 3357135 722
1218 3357857 673
1219 3358530 685
1220 3359215 640
1221 3359855 645
1222 3360500 637
1223 3361137 697
1224 3361834 691
1225 3362525 666
1226 3363191 666
1227 3363857 676
1228 3364533 658
1229 3365191 687
1230 3365878 664
1231 3366542 647
1232 3367189 653
1233 3367842 648
1234 3368490 640
1235 3369130 654
1236 3369784 643
1237 3370427 663
1238 3371090 628
1239 3371718 641
1240 3372359 656
1242 3373015 697
1243 3373712 678
1244 3374390 682
1245 3375072 651
1247 3375723 687
1248 3376410 644
1249 3377054 658
1250 3377712 659
1251 3378371 637
1253 3379008 697
1254 3379705 660
1255 3380365 691
1256 3381056 658
1257 3381714 673
1258 3382387 651
1259 3383038 631
1260 3383669 687
1262 3384356 697
1263 3385053 687
1264 3385740 659
1265 3386399 690
1266 3387089 659
1267 3387748 667
1269 3388415 687
1270 3389102 639
1271 3389741 647
1272 3390388 666
1273 3391054 669
1274 3391723 642
1275 3392365 640
1276 3393005 691
1277 3393696 668
1278 3394364 641
1280 3395005 697
1281 3395702 631
1282 3396333 673
1283 3397006 710
1284 3397716 669
1285 3398385 637
1286 3399022 644
1287 3399666 639
1288 3400305 649
1289 3400954 627
1290 3401581 651
1291 3402232 634
1292 3402866 633
1293 3403499 660
1295 3404159 686
1296 3404845 658
1297 3405503 696
1298 3406199 625
1299 3406824 668
1300 3407492 654
1301 3408146 8505
1303 3416651 3225
1304 3419876 12857
1305 3432733 4574
1306 3437307 2371
1307 3439678 2427
1308 3442105 659
1309 3442764 1376
1310 3444140 10082
1311 3454222 21761
1312 3475983 871
1313 3476854 3513
1314 3480367 3834
1315 3484201 1422
1316 3485623 1067
1317 3486690 5759
1318 3492449 1212
1319 3493661 910
1320 3494571 10820
1321 3505391 1355
1322 3506746 17725
1323 3524471 9473
1325 3533944 3970
1326 3537914 1355
1327 3539269 4598
1328 3543867 5955
1329 3549822 1059
1330 3550881 877
1331 3551758 2301
1332 3554059 8165
1333 3562224 3254
1334 3565478 1841
1335 3567319 529
1336 3567848 1547
1338 3569395 3807
1339 3573202 5933
1340 3579135 1329
1341 3580464 3167
1342 3583631 1239
1343 3584870 1313
1344 3586183 1103
1345 3587286 5535
1346 3592821 929
1347 3593750 4363
1348 3598113 342
1349 3598455 8874
1350 3607329 3589
1351 3610918 1605
1352 3612523 1337
1353 3613860 6394
1354 3620254 4071
1355 3624325 1249
1356 3625574 2942
1357 3628516 2655
1358 3631171 1778
1359 3632949 4109
1360 3637058 12815
1361 3649873 1473
1362 3651346 4028
1363 3655374 3578
1364 3658952 1363
1365 3660315 1086
1366 3661401 3957
1368 3665358 12937
1369 3678295 1582
1370 3679877 1516
1371 3681393 1451
1372 3682844 2429
1373 3685273 2156
1374 3687429 1745
1375 3689174 1762
1376 3690936 1153
1377 3692089 1634
1378 3693723 803
1379 3694526 7019
1380 3701545 8126
1381 3709671 1475
1382 3711146 1081
1383 3712227 4665
1384 3716892 2420
1385 3719312 1163
1386 3720475 6432
1387 3726907 1768
1388 3728675 7549
1389 3736224 2163
1390 3738387 6386
1391 3744773 3989
1392 3748762 1389
1393 3750151 8329
1394 3758480 6890
1395 3765370 9525
1396 3774895 3638
1397 3778533 2221
1398 3780754 3387
1399 3784141 4724
1400 3788865 1677
1401 3790542 9662
1402 3800204 2029
1403 3802233 1863
1404 3804096 2655
1405 3806751 3197
1406 3809948 9548
1407 3819496 3472
1409 3822968 2147
1410 3825115 1736
1411 3826851 1075
1412 3827926 1488
1413 3829414 1065
1414 3830479 1378
1415 3831857 5370
1416 3837227 5002
1417 3842229 2161
1418 3844390 1748
1419 3846138 4026
1420 3850164 2329
1421 3852493 2266
1422 3854759 7680
1423 3862439 1325
1424 3863764 1484
1425 3865248 4289
1426 3869537 1273
1427 3870810 1241
1428 3872051 1418
1429 3873469 1695
1430 3875164 5193
1431 3880357 2532
1432 3882889 1382
1433 3884271 3191
1435 3887462 3838
1437 3891300 3794
1438 3895094 1575
1439 3896669 2122
1440 3898791 7041
1441 3905832 1873
1442 3907705 7371
1443 3915076 3395
1444 3918471 1928
1445 3920399 12896
1446 3933295 5260
1448 3938555 1384
1449 3939939 2482
1450 3942421 2329
1452 3944750 3614
1454 3948364 11053
1455 3959417 1177
1456 3960594 679
1457 3961273 4767
1458 3966040 2048
1459 3968088 1302
1461 3969390 7420
1462 3976810 3123
1463 3979933 1902
1464 3981835 2885
1465 3984720 978
1466 3985698 1328
1467 3987026 1363
1469 3988389 3979
1470 3992368 4628
1471 3996996 4965
1472 4001961 3252
1473 4005213 2218
1474 4007431 867
1475 4008298 793
1477 4009091 5692
1478 4014783 1598
1479 4016381 775
1480 4017156 1692
1481 4018848 12986
1482 4031834 561
1483 4032395 1849
1484 4034244 2479
1485 4036723 2330
1486 4039053 2695
1487 4041748 1657
1488 4043405 629
1489 4044034 2168
1490 4046202 2204
1491 4048406 2208
1492 4050614 2331
1493 4052945 2143
1494 4055088 489
1495 4055577 2436
1496 4058013 1241
1497 4059254 3109
1498 4062363 1567
1499 4063930 714
1501 4064644 5320
1503 4069964 14606
1508 4084570 3099
1509 4087669 6884
1510 4094553 6216
1511 4100769 9214
1512 4109983 11707
1513 4121690 2083
1514 4123773 6512
1515 4130285 5827
1524 4136112 244
1525 4136356 5988
1526 4142344 1233
1527 4143577 4945
1528 4148522 9992
1529 4158514 5514
1530 4164028 3047
1531 4167075 2000
1532 4169075 1964
1533 4171039 2327
1534 4173366 1830
1535 4175196 1424
1536 4176620 1504
1537 4178124 1569
1538 4179693 1643
1539 4181336 3465
1540 4184801 2555
1541 4187356 15283
1542 4202639 3311
1545 4205950 3434
1546 4209384 6160
1548 4215544 3694
1549 4219238 2765
1550 4222003 9371
1552 4231374 185
1553 4231559 1936
1554 4233495 4981
1555 4238476 1406
1556 4239882 1702
1557 4241584 1840
1558 4243424 2880
1559 4246304 8173
1560 4254477 7524
1561 4262001 3495
1562 4265496 9755
1563 4275251 1649
1567 4276900 3766
1568 4280666 1029
1570 4281695 4137
1571 4285832 6514
1572 4292346 3491
1573 4295837 3502
1574 4299339 1220
1575 4300559 4797
1576 4305356 766
1577 4306122 503
1578 4306625 7795
1580 4314420 3633
1581 4318053 2739
1582 4320792 1217
1587 4322009 254
1588 4322263 11867
1589 4334130 5361
1590 4339491 5904
1592 4345395 1054
1593 4346449 22675
1594 4369124 1511
1595 4370635 6625
1597 4377260 9582
1600 4386842 2104
1601 4388946 5113
1602 4394059 9798
1603 4403857 1659
1604 4405516 748
1605 4406264 733
1606 4406997 2927
1607 4409924 1877
1608 4411801 2318
1609 4414119 3189
1610 4417308 2899
1611 4420207 2962
1612 4423169 3014
1613 4426183 2444
1614 4428627 2475
1615 4431102 2544
1616 4433646 860
1617 4434506 1602
1618 4436108 5836
1619 4441944 2584
1620 4444528 1294
1621 4445822 2051
1622 4447873 1586
1623 4449459 2904
1624 4452363 5809
1625 4458172 1201
1626 4459373 2828
1627 4462201 1850
1628 4464051 1243
1629 4465294 1127
1630 4466421 1784
1631 4468205 5998
1632 4474203 1808
1633 4476011 3446
1634 4479457 1601
1635 4481058 619
1636 4481677 2710
1637 4484387 905
1638 4485292 5767
1639 4491059 5217
1640 4496276 1619
1641 4497895 770
1642 4498665 799
1643 4499464 2491
1644 4501955 5806
1649 4507761 3828
1655 4511589 3844
1656 4515433 3763
1657 4519196 3802
1661 4522998 3702
1662 4526700 635
1663 4527335 5826
1664 4533161 691
1665 4533852 2811
1666 4536663 2874
1667 4539537 1099
1668 4540636 1282
1669 4541918 7587
1670 4549505 1491
1671 4550996 2303
1672 4553299 2103
1673 4555402 1464
1674 4556866 990
1675 4557856 1709
1676 4559565 2629
1677 4562194 1916
1678 4564110 17047
1679 4581157 1553
1680 4582710 4854
1681 4587564 2115
1682 4589679 2826
1683 4592505 6286
1684 4598791 540
1685 4599331 4040
1686 4603371 2048
1687 4605419 1219
1688 4606638 4665
1689 4611303 860
1690 4612163 2124
1691 4614287 1902
1692 4616189 4189
1693 4620378 4702
1694 4625080 9244
1695 4634324 4137
1696 4638461 2713
1697 4641174 851
1698 4642025 816
1699 4642841 915
1700 4643756 1059
1701 4644815 2144
1702 4646959 1006
1703 4647965 5443
1704 4653408 1975
1705 4655383 1505
1706 4656888 1860
1707 4658748 1174
1708 4659922 1181
1709 4661103 6962
1710 4668065 3760
1711 4671825 1026
1712 4672851 2476
1713 4675327 2235
1714 4677562 3226
1715 4680788 2591
1716 4683379 30046
1717 4713425 1100
1718 4714525 1750
1719 4716275 5113
1720 4721388 1254
1721 4722642 1654
1722 4724296 1735
1723 4726031 2414
1724 4728445 1682
1725 4730127 1586
1726 4731713 2643
1727 4734356 3226
1728 4737582 4668
1729 4742250 1788
1730 4744038 959
1731 4744997 1498
1732 4746495 2058
1733 4748553 1532
1734 4750085 1804
1735 4751889 1292
1736 4753181 1911
1737 4755092 1627
1738 4756719 864
1739 4757583 2722
1740 4760305 1879
1741 4762184 6159
1742 4768343 2733
1743 4771076 1408
1744 4772484 1210
1745 4773694 2692
1746 4776386 1461
1747 4777847 2321
1748 4780168 1472
1749 4781640 1344
1750 4782984 2196
1751 4785180 1525
1752 4786705 1720
1753 4788425 5224
1754 4793649 2592
1755 4796241 5614
1756 4801855 1680
1757 4803535 1302
1758 4804837 2975
1759 4807812 1607
1761 4809419 1299
1762 4810718 866
1763 4811584 1613
1764 4813197 4001
1765 4817198 3242
1766 4820440 2991
1767 4823431 3363
1768 4826794 2718
1769 4829512 1413
1770 4830925 1376
1771 4832301 890
1772 4833191 2171
1773 4835362 1633
1774 4836995 1096
1775 4838091 3330
1776 4841421 3207
1777 4844628 3784
1778 4848412 1760
1779 4850172 4878
1781 4855050 1773
1782 4856823 1791
1783 4858614 975
1784 4859589 1276
1785 4860865 991
1786 4861856 1168
1787 4863024 5092
1788 4868116 2287
1789 4870403 1861
1790 4872264 1135
1791 4873399 1298
1792 4874697 1244
1793 4875941 4189
1794 4880130 1512
1795 4881642 2695
1796 4884337 2147
1797 4886484 1105
1798 4887589 1840
1799 4889429 5005
1800 4894434 2344
1801 4896778 3142
1802 4899920 5175
1803 4905095 5566
1804 4910661 4700
1805 4915361 5537
1806 4920898 1879
1807 4922777 3883
1808 4926660 6081
1809 4932741 2464
1810 4935205 4436
1811 4939641 973
1812 4940614 790
1813 4941404 4174
1814 4945578 2671
1815 4948249 2960
1816 4951209 1254
1817 4952463 1947
1818 4954410 2320
1819 4956730 2738
1820 4959468 2306
1821 4961774 1293
1822 4963067 4701
1823 4967768 4582
1824 4972350 3579
1825 4975929 3132
1826 4979061 4106
1827 4983167 4505
1828 4987672 2775
1829 4990447 3823
1830 4994270 2310
1831 4996580 1741
1832 4998321 2299
1833 5000620 20500
1834 5021120 3312
1835 5024432 4084
1836 5028516 1919
1837 5030435 8734
1838 5039169 2678
1839 5041847 5317
1840 5047164 5349
1841 5052513 3689
1842 5056202 4170
1843 5060372 5932
1844 5066304 3029
1845 5069333 5462
1846 5074795 1738
1847 5076533 2621
1848 5079154 5032
1849 5084186 4789
1850 5088975 3312
1851 5092287 5420
1852 5097707 5491
1853 5103198 4278
1854 5107476 2538
1855 5110014 4412
1857 5114426 185
1859 5114611 170
1860 5114781 902
1861 5115683 793
1862 5116476 2234
1863 5118710 1779
1864 5120489 937
1865 5121426 1839
1866 5123265 12137
1869 5135402 6888
1870 5142290 9981
1872 5152271 9945
1873 5162216 3380
1874 5165596 1402
1876 5166998 5366
1877 5172364 4666
1880 5177030 1735
1881 5178765 781
1882 5179546 2579
1889 5182125 3288
1890 5185413 594
1891 5186007 1547
1892 5187554 3319
1893 5190873 1881
1894 5192754 3276
1895 5196030 5112
1896 5201142 2131
1897 5203273 5831
1898 5209104 2301
1899 5211405 4216
1900 5215621 4917
1901 5220538 476
1902 5221014 3167
1903 5224181 2115
1904 5226296 10198
1905 5236494 1131
1906 5237625 1347
1907 5238972 5186
1908 5244158 2537
1909 5246695 6659
1910 5253354 7830
1911 5261184 1422
1912 5262606 1776
1913 5264382 2250
1914 5266632 3418
1915 5270050 1962
1916 5272012 2106
1917 5274118 6053
1918 5280171 2080
1919 5282251 1461
1920 5283712 1111
1921 5284823 3182
1922 5288005 6319
1923 5294324 1988
1924 5296312 2396
1925 5298708 2613
1926 5301321 2617
1927 5303938 3607
1928 5307545 1417
1929 5308962 8500
1931 5317462 1484
1933 5318946 4104
1935 5323050 10040
1936 5333090 3364
1937 5336454 6500
1938 5342954 4377
1939 5347331 4666
1940 5351997 2998
1941 5354995 1325
1942 5356320 3078
1943 5359398 1961
1944 5361359 1674
1945 5363033 1720
1946 5364753 3358
1947 5368111 2069
1948 5370180 2134
1949 5372314 988
1950 5373302 1898
1951 5375200 3962
1952 5379162 2203
1953 5381365 5403
1954 5386768 1749
1955 5388517 1901
1956 5390418 2549
1957 5392967 2199
1958 5395166 2384
1959 5397550 2191
1960 5399741 1798
1962 5401539 6023
1964 5407562 1633
1966 5409195 5377
1967 5414572 981
1968 5415553 14510
1969 5430063 1859
1970 5431922 1610
1971 5433532 1100
1972 5434632 1522
1973 5436154 1769
1974 5437923 6083
1975 5444006 2993
1976 5446999 3083
1977 5450082 2391
1978 5452473 1959
1979 5454432 2855
1980 5457287 5408
1981 5462695 15397
1982 5478092 7244
1983 5485336 3360
1984 5488696 3239
1985 5491935 2545
1986 5494480 2965
1987 5497445 1347
1988 5498792 2302
1989 5501094 5278
1990 5506372 1616
1992 5507988 1709
1993 5509697 1995
1994 5511692 2069
1995 5513761 2608
1996 5516369 2033
1997 5518402 1500
1998 5519902 1494
1999 5521396 1399
2000 5522795 2495
2001 5525290 1038
2003 5526328 6698
2004 5533026 2169
2006 5535195 6698
2008 5541893 3636
2010 5545529 1845
2011 5547374 3089
2012 5550463 1266
2013 5551729 2309
2014 5554038 1121
2015 5555159 3488
2016 5558647 4120
2017 5562767 4336
2018 5567103 6296
2019 5573399 3763
2020 5577162 720
2021 5577882 4285
2022 5582167 4089
2023 5586256 545
2024 5586801 1007
2025 5587808 1592
2026 5589400 3663
2027 5593063 3597
2028 5596660 4812
2029 5601472 2706
2030 5604178 2087
2031 5606265 3139
2034 5609404 955
2035 5610359 3156
2036 5613515 2393
2037 5615908 2682
2038 5618590 3414
2039 5622004 2558
2040 5624562 4079
2041 5628641 2050
2042 5630691 1870
2043 5632561 4444
2044 5637005 1431
2045 5638436 4433
2046 5642869 3890
2047 5646759 5689
2048 5652448 6673
2049 5659121 4539
2052 5663660 2857
2053 5666517 6452
2054 5672969 2547
2055 5675516 3456
2057 5678972 2285
2058 5681257 10508
2059 5691765 772
2061 5692537 6822
2062 5699359 2213
2063 5701572 2529
2065 5704101 2378
2067 5706479 1144
2068 5707623 2954
2069 5710577 10180
2070 5720757 1285
2071 5722042 3977
2072 5726019 1133
2073 5727152 465
2074 5727617 10804
2075 5738421 1844
2076 5740265 3372
2077 5743637 3351
2078 5746988 3591
2079 5750579 9701
2080 5760280 2193
2081 5762473 1120
2082 5763593 789
2083 5764382 1063
2084 5765445 1841
2085 5767286 8530
2086 5775816 3464
2087 5779280 6354
2088 5785634 4823
2089 5790457 5619
2090 5796076 1715
2091 5797791 5369
2092 5803160 1700
2093 5804860 1719
2094 5806579 6811
2095 5813390 2793
2096 5816183 1505
2097 5817688 2075
2098 5819763 2589
2099 5822352 2586
2100 5824938 3789
2101 5828727 1957
2102 5830684 1563
2103 5832247 2562
2104 5834809 2009
2105 5836818 3754
2106 5840572 944
2107 5841516 1209
2108 5842725 1928
2109 5844653 1440
2110 5846093 3813
2111 5849906 5720
2112 5855626 2242
2113 5857868 2904
2114 5860772 1506
2115 5862278 5752
2116 5868030 2660
2117 5870690 1289
2118 5871979 1267
2119 5873246 1336
2120 5874582 7957
2121 5882539 1714
2122 5884253 2832
2123 5887085 1244
2124 5888329 1432
2125 5889761 5126
2126 5894887 3043
2127 5897930 1298
2128 5899228 2790
2129 5902018 1445
2130 5903463 931
2131 5904394 2777
2132 5907171 1496
2133 5908667 909
2134 5909576 3002
2135 5912578 1224
2136 5913802 8781
2137 5922583 2610
2138 5925193 1626
2139 5926819 2236
2140 5929055 1992
2141 5931047 6255
2142 5937302 2080
2143 5939382 1568
2144 5940950 3149
2145 5944099 4061
2146 5948160 2685
2147 5950845 2884
2148 5953729 1038
2149 5954767 1420
2150 5956187 5507
2151 5961694 1648
2152 5963342 3620
2153 5966962 2082
2154 5969044 5810
2155 5974854 6782
2156 5981636 1222
2157 5982858 1521
2158 5984379 358
2160 5984737 1743
2161 5986480 2947
2162 5989427 1221
2163 5990648 1961
2164 5992609 923
2165 5993532 1869
2166 5995401 2968
2167 5998369 6887
2168 6005256 2662
2169 6007918 1564
2170 6009482 1769
2171 6011251 1706
2172 6012957 961
2173 6013918 8960
2174 6022878 5611
2175 6028489 5669
2176 6034158 5486
2177 6039644 6743
2178 6046387 2074
2179 6048461 19457
2180 6067918 7681
2181 6075599 1820
2182 6077419 1238
2183 6078657 3036
2184 6081693 1858
2185 6083551 2693
2186 6086244 4175
2187 6090419 1413
2188 6091832 595
2189 6092427 6572
2190 6098999 2416
2191 6101415 1829
2192 6103244 3347
2193 6106591 1889
2194 6108480 13759
2195 6122239 542
2196 6122781 1640
2197 6124421 3031
2198 6127452 2368
2199 6129820 2832
2200 6132652 18374
2201 6151026 5001
2207 6156027 4107
2208 6160134 8651
2209 6168785 4042
2210 6172827 7538
2212 6180365 5446
2213 6185811 17878
2214 6203689 5297
2215 6208986 2775
2216 6211761 10547
2217 6222308 3789
2218 6226097 4734
2219 6230831 5414
2220 6236245 4832
2221 6241077 5252
2222 6246329 6732
2223 6253061 6491
2224 6259552 4685
2225 6264237 4156
2226 6268393 8959
2227 6277352 8411
2228 6285763 5489
2229 6291252 4278
2230 6295530 7450
2231 6302980 7911
2233 6310891 5364
2234 6316255 4471
2242 6320726 3715
2245 6324441 2820
2249 6327261 4283
2250 6331544 11922
2251 6343466 4250
2252 6347716 8225
2253 6355941 7869
2254 6363810 8009
2255 6371819 7316
2256 6379135 1635
2257 6380770 5258
2258 6386028 16455
2259 6402483 4614
2260 6407097 9455
2265 6416552 10515
2266 6427067 5561
2272 6432628 3424
2274 6436052 4814
2275 6440866 5370
2276 6446236 3405
2277 6449641 11481
2281 6461122 1236
2282 6462358 2133
2283 6464491 2877
2285 6467368 19360
2287 6486728 4358
2288 6491086 4304
2289 6495390 3528
2290 6498918 12571
2291 6511489 6791
2292 6518280 25793
2293 6544073 11234
2295 6555307 1557
2296 6556864 5954
2297 6562818 6358
2300 6569176 2816
2301 6571992 3343
2302 6575335 3694
2303 6579029 6360
2304 6585389 1491
2305 6586880 2688
2306 6589568 2097
2307 6591665 3112
2308 6594777 1606
2309 6596383 8518
2310 6604901 3507
2312 6608408 1369
2313 6609777 7919
2314 6617696 8203
2315 6625899 8640
2316 6634539 5689
2317 6640228 7422
2319 6647650 5494
2320 6653144 1798
2321 6654942 6427
2322 6661369 9039
2323 6670408 3867
2324 6674275 4596
2325 6678871 2730
2326 6681601 2400
2327 6684001 3864
2328 6687865 4812
2329 6692677 4265
2330 6696942 3250
2331 6700192 7055
2332 6707247 8578
2333 6715825 8491
2334 6724316 2799
2335 6727115 648
2336 6727763 4192
2337 6731955 8138
2338 6740093 8339
2339 6748432 5410
2340 6753842 2415
2341 6756257 7600
2343 6763857 3464
2344 6767321 2901
2345 6770222 1061
2346 6771283 3055
2347 6774338 10602
2348 6784940 7565
2349 6792505 7618
2350 6800123 1042
2352 6801165 1795
2353 6802960 8029
2354 6810989 6943
2356 6817932 1033
2357 6818965 9581
2358 6828546 9632
2359 6838178 2707
2360 6840885 3795
2361 6844680 5692
2362 6850372 14784
2363 6865156 3046
2364 6868202 4457
2365 6872659 7893
2366 6880552 6500
2367 6887052 2508
2368 6889560 3867
2369 6893427 3802
2370 6897229 1860
2371 6899089 3387
2372 6902476 5079
2374 6907555 1107
2375 6908662 1364
2376 6910026 3996
2377 6914022 991
2378 6915013 3487
2379 6918500 3301
2380 6921801 3676
2381 6925477 3277
2382 6928754 2465
2383 6931219 987
2384 6932206 1262
2385 6933468 8067
2386 6941535 7013
2387 6948548 4484
2388 6953032 7298
2389 6960330 996
2390 6961326 3330
2391 6964656 9071
2392 6973727 2148
2393 6975875 6296
2394 6982171 6287
2395 6988458 1143
2396 6989601 831
2397 6990432 6801
2398 6997233 3582
2399 7000815 2681
2400 7003496 1024
2401 7004520 4327
2402 7008847 5471
2403 7014318 3027
2404 7017345 2759
2405 7020104 3752
2406 7023856 2134
2407 7025990 4018
2408 7030008 13149
2409 7043157 2525
2410 7045682 1929
2411 7047611 3633
2412 7051244 3876
2413 7055120 3886
2414 7059006 1907
2415 7060913 5449
2416 7066362 6887
2417 7073249 2519
2418 7075768 4593
2419 7080361 6987
2420 7087348 1514
2421 7088862 2495
2422 7091357 2684
2423 7094041 825
2424 7094866 5372
2425 7100238 280
2426 7100518 849
2427 7101367 3588
2428 7104955 5937
2429 7110892 1249
2430 7112141 1396
2432 7113537 4594
2433 7118131 2398
2434 7120529 2214
2435 7122743 3788
2436 7126531 4072
2437 7130603 940
2438 7131543 2949
2439 7134492 1151
2440 7135643 1795
2441 7137438 2014
2442 7139452 3138
2443 7142590 7155
2444 7149745 8624
2445 7158369 3978
2446 7162347 4009
2447 7166356 4639
2448 7170995 3915
2450 7174910 1169
2451 7176079 4228
2452 7180307 2720
2453 7183027 1728
2454 7184755 1090
2455 7185845 4052
2456 7189897 3888
2457 7193785 2902
2458 7196687 1302
2459 7197989 3178
2460 7201167 7703
2461 7208870 19086
2462 7227956 2209
2463 7230165 3797
2464 7233962 1659
2465 7235621 4265
2466 7239886 5133
2467 7245019 8866
2468 7253885 3156
2469 7257041 13389
2471 7270430 197
2472 7270627 6387
2473 7277014 8723
2474 7285737 5780
2475 7291517 2179
2476 7293696 4987
2477 7298683 1226
2478 7299909 3876
2479 7303785 6377
2480 7310162 1677
2481 7311839 3452
2482 7315291 2818
2483 7318109 6305
2484 7324414 5408
2485 7329822 1819
2486 7331641 6767
2487 7338408 3686
2488 7342094 10447
2489 7352541 6993
2490 7359534 4575
2491 7364109 3537
2492 7367646 6465
2493 7374111 9651
2494 7383762 1605
2496 7385367 2413
2497 7387780 4572
2498 7392352 8726
2499 7401078 1598
2500 7402676 4828
2501 7407504 765
2502 7408269 3233
2504 7411502 6220
2505 7417722 6362
2506 7424084 5740
2511 7429824 9587
2512 7439411 4315
2513 7443726 6388
2514 7450114 3051
2515 7453165 6101
2516 7459266 6082
2517 7465348 1696
2518 7467044 6475
2519 7473519 3278
2520 7476797 6713
2521 7483510 9037
2522 7492547 1428
2523 7493975 2913
2525 7496888 3354
2526 7500242 6020
2527 7506262 6800
2528 7513062 6306
2529 7519368 6428
2530 7525796 9703
2531 7535499 9744
2532 7545243 1184
2533 7546427 717
2534 7547144 1150
2535 7548294 3800
2536 7552094 672
2537 7552766 5530
2538 7558296 1395
2539 7559691 2784
2540 7562475 2321
2541 7564796 5531
2542 7570327 12221
2543 7582548 2600
2544 7585148 26089
2545 7611237 3714
2546 7614951 4039
2547 7618990 12434
2548 7631424 4405
2549 7635829 3895
2550 7639724 14655
2551 7654379 12277
2552 7666656 3679
2553 7670335 1640
2554 7671975 9106
2555 7681081 1807
2556 7682888 716
2557 7683604 3235
2558 7686839 2860
2559 7689699 5823
2560 7695522 9622
2561 7705144 4047
2562 7709191 1138
2563 7710329 1789
2564 7712118 5504
2565 7717622 4601
2566 7722223 4547
2567 7726770 4398
2568 7731168 1862
2569 7733030 4374
2570 7737404 3679
2571 7741083 6168
2572 7747251 4195
2573 7751446 1109
2574 7752555 738
2575 7753293 8848
2576 7762141 3958
2577 7766099 7011
2578 7773110 1516
2579 7774626 2482
2580 7777108 1091
2581 7778199 1029
2582 7779228 1020
2583 7780248 5331
2584 7785579 11003
2585 7796582 751
2586 7797333 670
2587 7798003 4022
2588 7802025 10094
2589 7812119 1313
2590 7813432 3114
2592 7816546 687
2593 7817233 631
2594 7817864 992
2595 7818856 730
2596 7819586 1757
2597 7821343 12303
2598 7833646 4331
2599 7837977 11196
2600 7849173 3615
2601 7852788 1305
2602 7854093 5527
2603 7859620 1250
2604 7860870 1966
2605 7862836 2674
2606 7865510 2430
2607 7867940 1226
2608 7869166 1149
2609 7870315 6830
2610 7877145 3179
2611 7880324 2606
2612 7882930 5254
2613 7888184 1927
2614 7890111 2582
2615 7892693 4787
2616 7897480 4740
2617 7902220 4499
2618 7906719 3100
2619 7909819 7707
2620 7917526 5825
2621 7923351 3541
2622 7926892 3356
2623 7930248 2378
2624 7932626 3507
2625 7936133 2187
2626 7938320 2052
2627 7940372 9201
2628 7949573 5422
2629 7954995 7538
2630 7962533 5454
2631 7967987 4872
2632 7972859 8280
2633 7981139 11965
2634 7993104 6345
2635 7999449 1446
2636 8000895 1871
2637 8002766 989
2638 8003755 5313
2639 8009068 2966
2640 8012034 684
2641 8012718 4204
2642 8016922 829
2643 8017751 3162
2644 8020913 747
2645 8021660 934
2646 8022594 4242
2647 8026836 3684
2648 8030520 1289
2649 8031809 1821
2650 8033630 1162
2651 8034792 1650
2652 8036442 892
2653 8037334 2512
2654 8039846 4398
2655 8044244 4696
2656 8048940 1124
2657 8050064 2256
2658 8052320 970
2659 8053290 1986
2660 8055276 907
2661 8056183 1207
2662 8057390 1497
2663 8058887 568
2664 8059455 3979
2665 8063434 1462
2666 8064896 4825
2667 8069721 2496
2668 8072217 2080
2669 8074297 2502
2670 8076799 2253
2671 8079052 3498
2672 8082550 1686
2673 8084236 1136
2674 8085372 2620
2675 8087992 2039
2676 8090031 1909
2677 8091940 4304
2678 8096244 14610
2679 8110854 2136
2680 8112990 6599
2681 8119589 13742
2682 8133331 9073
2683 8142404 3717
2684 8146121 4618
2685 8150739 3651
2686 8154390 5683
2688 8160073 9107
2689 8169180 3998
2690 8173178 1903
2691 8175081 9775
2692 8184856 6498
2693 8191354 2464
2694 8193818 4540
2695 8198358 7562
2696 8205920 2097
2697 8208017 3716
2698 8211733 4324
2699 8216057 1097
2700 8217154 2225
2702 8219379 218
2703 8219597 2818
2704 8222415 945
2705 8223360 1122
2706 8224482 15575
2707 8240057 6430
2708 8246487 13961
2709 8260448 734
2710 8261182 2767
2711 8263949 2049
2712 8265998 2606
2713 8268604 2782
2714 8271386 1775
2715 8273161 20061
2716 8293222 9036
2717 8302258 3569
2718 8305827 3551
2720 8309378 2100
2721 8311478 3359
2723 8314837 2544
2726 8317381 1804
2728 8319185 2757
2729 8321942 2966
2730 8324908 926
2732 8325834 20147
2734 8345981 227
2735 8346208 28633
2736 8374841 4211
2737 8379052 7398
2738 8386450 9328
2739 8395778 30309
2740 8426087 19680
2741 8445767 947
2742 8446714 613
2743 8447327 2321
2744 8449648 1611
2745 8451259 4962
2746 8456221 3312
2747 8459533 4045
2748 8463578 2497
2749 8466075 4588
2750 8470663 1141
2751 8471804 2000
2752 8473804 666
2753 8474470 418
2754 8474888 9916
2755 8484804 2297
2757 8487101 30449
2758 8517550 3539
2759 8521089 928
2760 8522017 2582
2761 8524599 3120
2762 8527719 327
2763 8528046 7211
2764 8535257 19028
2765 8554285 5699
2766 8559984 1299
2767 8561283 2176
2768 8563459 2344
2770 8565803 2547
2771 8568350 1241
2772 8569591 8996
2774 8578587 2142
2775 8580729 2355
2776 8583084 22092
2777 8605176 849
2778 8606025 392
2779 8606417 1148
2780 8607565 3841
2781 8611406 1132
2782 8612538 3535
2783 8616073 3247
2784 8619320 1574
2785 8620894 1343
2786 8622237 2013
2788 8624250 1280
2789 8625530 1310
2790 8626840 3892
2791 8630732 549
2792 8631281 6467
2793 8637748 2571
2794 8640319 3669
2795 8643988 817
2796 8644805 1268
2797 8646073 2414
2798 8648487 686
2799 8649173 785
2800 8649958 5014
2801 8654972 2684
2802 8657656 2752
2803 8660408 1924
2804 8662332 2443
2805 8664775 7169
2806 8671944 1561
2807 8673505 1152
2808 8674657 1152
2809 8675809 1144
2810 8676953 1152
2811 8678105 1152
2812 8679257 1152
2813 8680409 1152
2814 8681561 1152
2816 8682713 795
2817 8683508 1127
2818 8684635 8087
2819 8692722 5553
2820 8698275 1327
2821 8699602 2011
2822 8701613 4762
2823 8706375 6792
2824 8713167 8193
2826 8721360 5497
2827 8726857 1251
2828 8728108 8863
2829 8736971 6023
2830 8742994 2067
2831 8745061 4462
2833 8749523 9311
2834 8758834 2407
2835 8761241 1275
2836 8762516 2928
2837 8765444 2162
2840 8767606 3775
2841 8771381 2601
2842 8773982 1519
2843 8775501 3414
2844 8778915 1661
2845 8780576 6379
2846 8786955 2473
2847 8789428 2160
2848 8791588 5079
2849 8796667 8575
2852 8805242 1307
2853 8806549 1470
2854 8808019 2473
2855 8810492 2369
2856 8812861 1827
2857 8814688 3510
2858 8818198 2427
2860 8820625 3762
2862 8824387 13394
2863 8837781 9611
2864 8847392 2469
2865 8849861 2091
2866 8851952 2439
2868 8854391 6390
2869 8860781 8005
2870 8868786 5237
2871 8874023 5955
2872 8879978 4567
2873 8884545 2503
2874 8887048 2491
2881 8889539 1142
2882 8890681 1785
2883 8892466 1928
2884 8894394 644
2885 8895038 485
2886 8895523 608
2887 8896131 2580
2888 8898711 2522
2889 8901233 1925
2890 8903158 5777
2891 8908935 2040
2894 8910975 4195
2895 8915170 2391
2896 8917561 1581
2897 8919142 3016
2898 8922158 1783
2899 8923941 8314
2900 8932255 1703
2901 8933958 423
2902 8934381 433
2903 8934814 449
2904 8935263 493
2905 8935756 463
2906 8936219 471
2907 8936690 495
2908 8937185 531
2909 8937716 479
2910 8938195 509
2911 8938704 485
2912 8939189 477
2913 8939666 493
2914 8940159 461
2915 8940620 529
2916 8941149 3764
2917 8944913 2432
2918 8947345 2057
2919 8949402 2527
2920 8951929 3453
2921 8955382 2479
2922 8957861 2534
2923 8960395 20283
2924 8980678 8414
2925 8989092 4387
2926 8993479 4491
2927 8997970 4160
2928 9002130 1550
2929 9003680 4502
2930 9008182 1380
2931 9009562 1198
2932 9010760 1496
2933 9012256 7444
2934 9019700 2196
2935 9021896 18043
2936 9039939 8896
2937 9048835 5693
2938 9054528 4041
2939 9058569 3578
2940 9062147 2070
2941 9064217 16390
2942 9080607 4477
2943 9085084 1170
2944 9086254 1944
2945 9088198 1370
2946 9089568 8193
2947 9097761 5189
2948 9102950 6861
2949 9109811 1946
2950 9111757 8222
2951 9119979 7579
2952 9127558 8523
2953 9136081 4995
2954 9141076 6762
2955 9147838 15109
2956 9162947 7559
2957 9170506 5099
2958 9175605 1387
2959 9176992 1588
2960 9178580 2170
2961 9180750 1364
2962 9182114 835
2963 9182949 6389
2964 9189338 2150
2965 9191488 8315
2966 9199803 4241
2967 9204044 1894
2968 9205938 5255
2969 9211193 5487
2970 9216680 9134
2971 9225814 4710
2972 9230524 9543
2973 9240067 3790
2974 9243857 1091
2975 9244948 1443
2976 9246391 1376
2977 9247767 9097
2978 9256864 314
2979 9257178 1746
2980 9258924 786
2981 9259710 1473
2982 9261183 12571
2983 9273754 8051
2984 9281805 4096
2985 9285901 5018
2986 9290919 4481
2987 9295400 8958
2988 9304358 2235
2989 9306593 5382
2990 9311975 2943
2991 9314918 3128
2992 9318046 1699
2993 9319745 8109
2994 9327854 3707
2995 9331561 14189
2996 9345750 3300
2997 9349050 3894
2998 9352944 4330
2999 9357274 11610
3000 9368884 947
3001 9369831 8021
3002 9377852 6283
3003 9384135 799
3004 9384934 5699
3005 9390633 15717
3006 9406350 933
3007 9407283 6082
3008 9413365 694
3009 9414059 5278
3010 9419337 8079
3011 9427416 1458
3012 9428874 4380
3013 9433254 718
3014 9433972 8930
3015 9442902 1377
3016 9444279 3690
3017 9447969 2009
3018 9449978 3225
3019 9453203 2870
3020 9456073 7586
3021 9463659 419
3022 9464078 521
3023 9464599 11269
3024 9475868 4500
3025 9480368 3685
3026 9484053 9035
3027 9493088 3416
3028 9496504 2060
3029 9498564 2010
3030 9500574 7140
3031 9507714 6473
3032 9514187 3699
3033 9517886 2255
3034 9520141 14978
3035 9535119 6423
3036 9541542 1337
3037 9542879 1984
3038 9544863 2946
3039 9547809 2593
3040 9550402 2145
3041 9552547 1597
3042 9554144 749
3043 9554893 1399
3044 9556292 743
3045 9557035 395
3047 9557430 3933
3048 9561363 3071
3049 9564434 4173
3050 9568607 7616
3051 9576223 5446
3053 9581669 5335
3054 9587004 1181
3055 9588185 937
3056 9589122 1867
3057 9590989 2428
3059 9593417 2519
3060 9595936 8109
3061 9604045 2479
3062 9606524 924
3063 9607448 855
3064 9608303 1651
3065 9609954 2247
3066 9612201 7295
3067 9619496 1649
3068 9621145 4777
3069 9625922 2465
3070 9628387 3646
3071 9632033 2701
3072 9634734 6977
3073 9641711 2312
3074 9644023 3031
3075 9647054 4613
3076 9651667 2531
3077 9654198 2893
3078 9657091 1914
3079 9659005 1283
3080 9660288 4746
3081 9665034 1643
3082 9666677 1012
3083 9667689 1611
3084 9669300 1809
3085 9671109 4618
3086 9675727 1682
3087 9677409 2694
3088 9680103 9358
3089 9689461 1886
3090 9691347 2643
3091 9693990 9099
3092 9703089 3560
3093 9706649 6167
3094 9712816 3378
3095 9716194 2965
3096 9719159 7891
3097 9727050 1743
3098 9728793 2210
3099 9731003 1656
3101 9732659 2397
3102 9735056 1688
3103 9736744 1790
3104 9738534 15088
3105 9753622 7396
3106 9761018 3152
3107 9764170 1684
3108 9765854 1420
3109 9767274 7697
3110 9774971 2001
3111 9776972 2123
3112 9779095 1793
3113 9780888 1695
3114 9782583 2086
3115 9784669 1166
3116 9785835 791
3117 9786626 1105
3118 9787731 2948
3119 9790679 4420
3120 9795099 9688
3121 9804787 2200
3122 9806987 3175
3123 9810162 2110
3124 9812272 2291
3125 9814563 27052
3126 9841615 1904
3127 9843519 1784
3128 9845303 5384
3129 9850687 5474
3130 9856161 2511
3131 9858672 3422
3132 9862094 4786
3133 9866880 3737
3134 9870617 3390
3135 9874007 15498
3136 9889505 4154
3137 9893659 3607
3138 9897266 10167
3139 9907433 1692
3140 9909125 1513
3141 9910638 5878
3142 9916516 10970
3143 9927486 5264
3144 9932750 3866
3146 9936616 1320
3147 9937936 678
3148 9938614 1544
3149 9940158 4663
3150 9944821 2749
3151 9947570 1965
3152 9949535 8805
3153 9958340 6285
3154 9964625 5205
3155 9969830 1986
3156 9971816 6488
3157 9978304 2982
3158 9981286 2952
3159 9984238 7524
3160 9991762 1710
3161 9993472 2130
3162 9995602 2605
3163 9998207 1712
3164 9999919 1614
3165 10001533 10931
3166 10012464 7628
3167 10020092 3394
3168 10023486 3051
3169 10026537 1913
3170 10028450 5588
3171 10034038 8199
3172 10042237 3221
3173 10045458 591
3174 10046049 3670
3175 10049719 5137
3176 10054856 6923
3177 10061779 935
3178 10062714 2377
3179 10065091 4382
3180 10069473 3566
3181 10073039 2919
3182 10075958 5640
3183 10081598 5102
3184 10086700 7368
3185 10094068 1138
3186 10095206 3953
3188 10099159 7361
3189 10106520 3307
3190 10109827 4396
3191 10114223 4890
3192 10119113 2359
3193 10121472 6093
3194 10127565 2293
3195 10129858 1722
3197 10131580 9311
3198 10140891 5407
3199 10146298 1385
3200 10147683 5710
3201 10153393 1407
3203 10154800 4647
3204 10159447 4623
3205 10164070 9782
3206 10173852 1745
3207 10175597 3491
3209 10179088 9611
3210 10188699 3923
3211 10192622 7910
3212 10200532 13793
3213 10214325 3811
3219 10218136 170
3220 10218306 615
3221 10218921 649
3222 10219570 622
3223 10220192 667
3224 10220859 649
3226 10221508 183
3227 10221691 595
3231 10222286 170
3233 10222456 164
3234 10222620 662
3235 10223282 632
3236 10223914 627
3237 10224541 630
3238 10225171 630
3239 10225801 630
3240 10226431 627
3241 10227058 621
3242 10227679 632
3244 10228311 185
3245 10228496 648
3246 10229144 631
3248 10229775 173
3250 10229948 213
3252 10230161 214
3253 10230375 620
3255 10230995 185
3256 10231180 665
3257 10231845 650
3269 10232495 210
3270 10232705 630
3271 10233335 628
3272 10233963 615
3273 10234578 649
3274 10235227 622
3275 10235849 670
3276 10236519 627
3278 10237146 214
3279 10237360 548
3281 10237908 204
3282 10238112 648
3283 10238760 633
3285 10239393 219
3287 10239612 172
3288 10239784 666
3293 10240450 210
3294 10240660 624
3295 10241284 652
3296 10241936 622
3297 10242558 665
3298 10243223 661
3301 10243884 548
3303 10244432 201
3304 10244633 287
3306 10244920 184
3307 10245104 648
3309 10245752 210
3310 10245962 281
3311 10246243 303
3314 10246546 261
3316 10246807 192
3318 10246999 235
3320 10247234 675
3321 10247909 627
3322 10248536 633
3323 10249169 628
3326 10249797 548
3329 10250345 194
3330 10250539 651
3331 10251190 630
3333 10251820 204
3335 10252024 186
3337 10252210 190
3338 10252400 623
3349 10253023 648
3351 10253671 198
3352 10253869 625
3353 10254494 614
3354 10255108 618
3355 10255726 621
3356 10256347 629
3357 10256976 637
3358 10257613 629
3360 10258242 185
3361 10258427 594
3363 10259021 192
3364 10259213 635
3365 10259848 617
3366 10260465 631
3367 10261096 652
3368 10261748 629
3369 10262377 631
3371 10263008 214
3372 10263222 628
3374 10263850 170
3375 10264020 637
3376 10264657 652
3377 10265309 660
3379 10265969 171
3384 10266140 183
3385 10266323 611
3386 10266934 622
3387 10267556 629
3388 10268185 637
3389 10268822 630
3391 10269452 184
3392 10269636 594
3394 10270230 171
3396 10270401 186
3397 10270587 632
3398 10271219 618
3400 10271837 214
3402 10272051 182
3403 10272233 635
3408 10272868 183
3409 10273051 612
3410 10273663 622
3411 10274285 630
3412 10274915 639
3413 10275554 631
3415 10276185 184
3416 10276369 596
3418 10276965 207
3419 10277172 634
3420 10277806 616
3422 10278422 276
3424 10278698 171
3426 10278869 211
3428 10279080 164
3429 10279244 637
3440 10279881 192
3442 10280073 183
3444 10280256 213
3445 10280469 629
3446 10281098 629
3447 10281727 615
3448 10282342 623
3449 10282965 630
3450 10283595 637
3451 10284232 630
3453 10284862 181
3454 10285043 633
3455 10285676 618
3456 10286294 651
3458 10286945 213
3459 10287158 623
3463 10287781 165
3464 10287946 639
3469 10288585 208
3470 10288793 613
3471 10289406 626
3472 10290032 630
3473 10290662 639
3474 10291301 630
3476 10291931 177
3477 10292108 593
3479 10292701 197
3480 10292898 633
3481 10293531 614
3483 10294145 223
3485 10294368 204
3487 10294572 171
3488 10294743 639
3490 10295382 169
3495 10295551 208
3496 10295759 613
3497 10296372 624
3498 10296996 630
3499 10297626 641
3500 10298267 631
3501 10298898 628
3503 10299526 183
3504 10299709 593
3507 10300302 203
3508 10300505 632
3511 10301137 185
3513 10301322 181
3515 10301503 211
3517 10301714 231
3520 10301945 205
3521 10302150 639
3532 10302789 657
3534 10303446 210
3535 10303656 629
3536 10304285 626
3537 10304911 615
3538 10305526 624
3539 10306150 625
3540 10306775 640
3541 10307415 630
3543 10308045 171
3545 10308216 188
3546 10308404 619
3548 10309023 186
3550 10309209 191
3551 10309400 633
3552 10310033 617
3553 10310650 654
3555 10311304 213
3557 10311517 171
3558 10311688 639
3563 10312327 158
3564 10312485 611
3565 10313096 623
3566 10313719 630
3567 10314349 643
3568 10314992 632
3570 10315624 183
3574 10315807 197
3575 10316004 632
3576 10316636 616
3581 10317252 201
3583 10317453 171
3584 10317624 638
3587 10318262 225
3589 10318487 177
3594 10318664 195
3595 10318859 633
3596 10319492 632
3598 10320124 208
3599 10320332 613
3600 10320945 625
3601 10321570 630
3602 10322200 640
3603 10322840 630
3604 10323470 659
3606 10324129 185
3607 10324314 633
3608 10324947 616
3610 10325563 242
3611 10325805 682
3613 10326487 194
3615 10326681 235
3617 10326916 213
3619 10327129 171
3621 10327300 180
3633 10327480 684
3635 10328164 210
3636 10328374 626
3637 10329000 630
3638 10329630 612
3639 10330242 624
3640 10330866 630
3641 10331496 640
3642 10332136 628
3644 10332764 184
3645 10332948 595
3647 10333543 185
3648 10333728 634
3649 10334362 615
3652 10334977 233
3654 10335210 190
3655 10335400 636
3656 10336036 652
3662 10336688 210
3663 10336898 611
3664 10337509 625
3665 10338134 625
3666 10338759 637
3667 10339396 634
3669 10340030 190
3670 10340220 594
3671 10340814 652
3673 10341466 200
3674 10341666 632
3675 10342298 614
3679 10342912 261
3681 10343173 205
3682 10343378 653
3684 10344031 196
3686 10344227 223
3687 10344450 654
3689 10345104 179
3690 10345283 637
3691 10345920 614
3693 10346534 193
3695 10346727 230
3697 10346957 184
3698 10347141 619
3703 10347760 227
3704 10347987 630
3705 10348617 689
3715 10349306 651
3716 10349957 1976
3717 10351933 3141
3718 10355074 2458
3719 10357532 7794
3720 10365326 2671
3721 10367997 2022
3722 10370019 6225
3723 10376244 4253
3724 10380497 4373
3725 10384870 3842
3726 10388712 6895
3727 10395607 3612
3728 10399219 3292
3729 10402511 4632
3730 10407143 5274
3731 10412417 4451
3732 10416868 3427
3733 10420295 4129
3734 10424424 1147
3735 10425571 7955
3736 10433526 4579
3737 10438105 4397
3738 10442502 4382
3739 10446884 4094
3740 10450978 5572
3741 10456550 7806
3742 10464356 2354
3743 10466710 2135
3744 10468845 2958
3745 10471803 2952
3746 10474755 4622
3747 10479377 5437
3748 10484814 3176
3749 10487990 4096
3750 10492086 5468
3751 10497554 4690
3752 10502244 5126
3753 10507370 2498
3754 10509868 2736
3755 10512604 2976
3756 10515580 8270
3757 10523850 1236
3759 10525086 211
3760 10525297 4156
3761 10529453 3352
3762 10532805 1552
3763 10534357 9957
3764 10544314 3076
3765 10547390 8763
3766 10556153 3971
3767 10560124 5253
3768 10565377 4940
3769 10570317 8592
3770 10578909 4805
3771 10583714 3928
3772 10587642 529
3773 10588171 4694
3774 10592865 4402
3775 10597267 3822
3776 10601089 5833
3777 10606922 7225
3778 10614147 6477
3779 10620624 2581
3780 10623205 3368
3781 10626573 975
3782 10627548 22919
3783 10650467 18589
3784 10669056 2591
3785 10671647 8485
3786 10680132 1654
3787 10681786 2402
3788 10684188 7144
3789 10691332 3347
3790 10694679 11022
3791 10705701 2883
3792 10708584 3519
3793 10712103 3230
3794 10715333 4844
3795 10720177 7273
3796 10727450 6911
3797 10734361 6200
3798 10740561 1082
3799 10741643 2793
3800 10744436 3454
3801 10747890 1054
3802 10748944 2445
3803 10751389 1561
3804 10752950 6352
3805 10759302 13633
3806 10772935 2105
3807 10775040 12961
3808 10788001 6478
3809 10794479 2886
3810 10797365 5040
3811 10802405 1971
3812 10804376 9053
3813 10813429 6572
3814 10820001 2488
3815 10822489 6454
3816 10828943 8081
3817 10837024 11545
3818 10848569 2043
3819 10850612 3603
3820 10854215 5165
3821 10859380 5330
3822 10864710 5158
3823 10869868 6336
3824 10876204 1029
3825 10877233 7194
3826 10884427 2939
3827 10887366 9531
3828 10896897 4215
3829 10901112 6420
3830 10907532 2881
3831 10910413 1590
3832 10912003 2917
3833 10914920 3397
3834 10918317 1768
3835 10920085 5550
3837 10925635 183
3838 10925818 2289
3839 10928107 8416
3840 10936523 6794
3841 10943317 6456
3842 10949773 3685
3843 10953458 3378
3844 10956836 2884
3845 10959720 3410
3846 10963130 466
3847 10963596 2164
3848 10965760 3922
3849 10969682 3611
3850 10973293 2906
3851 10976199 3575
3852 10979774 2692
3853 10982466 6557
3854 10989023 9418
3855 10998441 8435
3856 11006876 10522
3857 11017398 9689
3858 11027087 10271
3859 11037358 7953
3860 11045311 5469
3861 11050780 6239
3862 11057019 7488
3863 11064507 3546
3864 11068053 3985
3865 11072038 2366
3866 11074404 1553
3867 11075957 1658
3868 11077615 3147
3869 11080762 3509
3873 11084271 3568
3874 11087839 4589
3875 11092428 3479
3876 11095907 11599
3878 11107506 6636
3879 11114142 4801
3880 11118943 1066
3881 11120009 4162
3882 11124171 3653
3883 11127824 3438
3884 11131262 4307
3885 11135569 4900
3886 11140469 4553
3887 11145022 7981
3888 11153003 2241
3889 11155244 5533
3890 11160777 4373
3891 11165150 6527
3892 11171677 4785
3893 11176462 2163
3894 11178625 2139
3895 11180764 1489
3896 11182253 3309
3897 11185562 4591
3898 11190153 4130
3899 11194283 6231
3900 11200514 8573
3901 11209087 1849
3902 11210936 5776
3903 11216712 7270
3904 11223982 1281
3905 11225263 3416
3906 11228679 4103
3907 11232782 1622
3908 11234404 7290
3909 11241694 2750
3910 11244444 10135
3911 11254579 4288
3912 11258867 5800
3913 11264667 810
3914 11265477 3752
3915 11269229 1971
3916 11271200 2700
3917 11273900 732
3918 11274632 5957
3919 11280589 3333
3920 11283922 8950
3921 11292872 4022
3922 11296894 2048
3923 11298942 3429
3924 11302371 7595
3925 11309966 2639
3926 11312605 2736
3927 11315341 9667
3928 11325008 19344
3929 11344352 3115
3930 11347467 2752
3931 11350219 5375
3932 11355594 2260
3933 11357854 4266
3934 11362120 6595
3935 11368715 969
3936 11369684 4888
3937 11374572 8287
3938 11382859 5354
3939 11388213 6685
3940 11394898 929
3941 11395827 3794
3942 11399621 2958
3943 11402579 3593
3944 11406172 2549
3945 11408721 3709
3946 11412430 4695
3947 11417125 9639
3948 11426764 9646
3949 11436410 11538
3950 11447948 2162
3951 11450110 4805
3952 11454915 3027
3953 11457942 1657
3954 11459599 5795
3955 11465394 2040
3956 11467434 1932
3957 11469366 8401
3958 11477767 8804
3959 11486571 2767
3960 11489338 4502
3961 11493840 3157
3962 11496997 1953
3963 11498950 10658
3964 11509608 6291
3965 11515899 4892
3966 11520791 5315
3967 11526106 1329
3968 11527435 1865
3970 11529300 205
3971 11529505 3713
3972 11533218 2542
3973 11535760 7697
3974 11543457 7014
3975 11550471 6497
3976 11556968 8811
3977 11565779 3162
3978 11568941 2822
3979 11571763 1855
3980 11573618 7072
3981 11580690 3423
3982 11584113 2662
3983 11586775 1174
3984 11587949 11648
3985 11599597 10852
3986 11610449 9913
3987 11620362 6948
3988 11627310 8948
3989 11636258 2304
3990 11638562 531
3991 11639093 2786
3992 11641879 634
3993 11642513 6384
3994 11648897 4311
3995 11653208 2333
3996 11655541 9204
3997 11664745 6532
3998 11671277 1573
3999 11672850 7425
4000 11680275 2744
4001 11683019 7695
4002 11690714 4486
4003 11695200 2951
4004 11698151 6321
4005 11704472 9265
4006 11713737 2985
4007 11716722 4397
4008 11721119 3909
4009 11725028 1727
4010 11726755 6529
4011 11733284 5486
4012 11738770 5245
4013 11744015 8041
4014 11752056 1849
4015 11753905 2831
4016 11756736 7405
4017 11764141 1298
4018 11765439 1076
4019 11766515 9078
4020 11775593 11267
4021 11786860 9252
4022 11796112 16007
4023 11812119 8754
4024 11820873 8446
4025 11829319 7381
4026 11836700 11292
4027 11847992 19505
4028 11867497 13555
4029 11881052 5483
4030 11886535 491
4031 11887026 831
4032 11887857 3195
4033 11891052 7341
4034 11898393 538
4035 11898931 1536
4036 11900467 3458
4037 11903925 2102
4038 11906027 9168
4039 11915195 8022
4040 11923217 8565
4041 11931782 4690
4042 11936472 2688
4044 11939160 5079
4045 11944239 7151
4046 11951390 3406
4047 11954796 2833
4048 11957629 678
4049 11958307 1051
4050 11959358 1639
4051 11960997 6677
4052 11967674 1347
4053 11969021 11450
4054 11980471 6347
4055 11986818 4438
4056 11991256 25805
4057 12017061 3749
4058 12020810 5142
4059 12025952 8405
4060 12034357 9772
4062 12044129 6372
4063 12050501 9598
4064 12060099 12846
4065 12072945 4691
4067 12077636 6273
4068 12083909 5110
4069 12089019 1756
4070 12090775 3815
4071 12094590 4766
4072 12099356 3709
4073 12103065 10717
4074 12113782 9915
4075 12123697 6849
4076 12130546 6110
4077 12136656 6588
4078 12143244 5806
4079 12149050 4099
4080 12153149 3908
4081 12157057 3504
4082 12160561 3843
4083 12164404 3333
4084 12167737 12277
4085 12180014 12844
4086 12192858 4230
4087 12197088 2862
4088 12199950 5573
4089 12205523 15919
4090 12221442 4294
4091 12225736 718
4092 12226454 1203
4093 12227657 4411
4094 12232068 4385
4095 12236453 2090
4096 12238543 13039
4097 12251582 6708
4098 12258290 8835
4099 12267125 7748
4101 12274873 215
4102 12275088 7006
4103 12282094 8949
4104 12291043 2343
4105 12293386 8165
4106 12301551 8297
4107 12309848 3898
4109 12313746 10269
4110 12324015 2548
4111 12326563 13745
4112 12340308 4688
4113 12344996 530
4114 12345526 1534
4115 12347060 3089
4116 12350149 2818
4117 12352967 2707
4118 12355674 1251
4119 12356925 1107
4120 12358032 862
4121 12358894 982
4122 12359876 997
4123 12360873 2361
4124 12363234 1745
4125 12364979 1154
4126 12366133 904
4127 12367037 1135
4128 12368172 1359
4129 12369531 1000
4130 12370531 1951
4131 12372482 2627
4132 12375109 1277
4133 12376386 2744
4134 12379130 2820
4135 12381950 3001
4136 12384951 1064
4137 12386015 3629
4138 12389644 2547
4139 12392191 4298
4140 12396489 3334
4141 12399823 5885
4142 12405708 3303
4143 12409011 924
4144 12409935 2331
4146 12412266 2316
4147 12414582 798
4148 12415380 5809
4149 12421189 1238
4150 12422427 6019
4151 12428446 878
4152 12429324 1622
4153 12430946 877
4154 12431823 3278
4155 12435101 6421
4156 12441522 830
4157 12442352 3424
4158 12445776 4041
4159 12449817 1251
4160 12451068 1085
4161 12452153 1806
4162 12453959 1539
4163 12455498 2501
4164 12457999 2500
4165 12460499 1752
4166 12462251 1383
4167 12463634 2914
4168 12466548 2441
4169 12468989 1572
4170 12470561 1865
4171 12472426 1085
4172 12473511 955
4173 12474466 3368
4174 12477834 1962
4175 12479796 1933
4176 12481729 2228
4177 12483957 1958
4178 12485915 3128
4179 12489043 1798
4181 12490841 3805
4182 12494646 521
4183 12495167 1109
4184 12496276 814
4185 12497090 2572
4186 12499662 1061
4187 12500723 2284
4188 12503007 1866
4189 12504873 1428
4190 12506301 728
4191 12507029 1681
4192 12508710 2542
4193 12511252 1570
4194 12512822 2290
4195 12515112 2393
4196 12517505 2253
4197 12519758 1071
4198 12520829 2524
4199 12523353 1430
4200 12524783 4190
4201 12528973 2113
4203 12531086 2253
4204 12533339 4217
4205 12537556 541
4206 12538097 834
4207 12538931 2568
4208 12541499 4243
4209 12545742 3562
4211 12549304 4084
4212 12553388 3518
4213 12556906 1225
4214 12558131 2399
4215 12560530 2658
4216 12563188 1483
4217 12564671 3268
4218 12567939 1207
4219 12569146 1783
4220 12570929 4560
4221 12575489 1086
4222 12576575 4227
4223 12580802 1830
4225 12582632 216
4226 12582848 4962
4227 12587810 2636
4228 12590446 2606
4229 12593052 366
4230 12593418 1532
4231 12594950 1505
4232 12596455 2194
4233 12598649 1498
4234 12600147 1086
4235 12601233 2672
4236 12603905 1020
4237 12604925 334
4238 12605259 4582
4239 12609841 1289
4240 12611130 898
4241 12612028 3923
4242 12615951 1345
4243 12617296 3133
4244 12620429 2628
4245 12623057 541
4246 12623598 1294
4247 12624892 1243
4248 12626135 2503
4251 12628638 595
4252 12629233 1340
4256 12630573 3472
4258 12634045 4927
4259 12638972 1665
4260 12640637 1599
4261 12642236 2042
4262 12644278 1347
4263 12645625 511
4264 12646136 1360
4265 12647496 2302
4266 12649798 4497
4267 12654295 1543
4268 12655838 11563
4269 12667401 2058
4270 12669459 821
4271 12670280 923
4272 12671203 1064
4273 12672267 1829
4274 12674096 720
4275 12674816 11576
4276 12686392 1787
4277 12688179 2969
4278 12691148 3750
4279 12694898 954
4280 12695852 2214
4281 12698066 1233
4282 12699299 4767
4283 12704066 315
4284 12704381 7060
4285 12711441 1047
4286 12712488 1786
4287 12714274 2571
4288 12716845 1489
4293 12718334 3539
4294 12721873 1657
4295 12723530 3000
4297 12726530 513
4300 12727043 1238
4301 12728281 6451
4302 12734732 2696
4303 12737428 448
4304 12737876 4247
4305 12742123 525
4306 12742648 1491
4307 12744139 2130
4308 12746269 2800
4309 12749069 3180
4310 12752249 1380
4311 12753629 1538
4312 12755167 1140
4313 12756307 1455
4314 12757762 2354
